                  user     system      total        real
n = 27, l = 2:   0.010000   0.010000   0.020000 (  0.007900)
n = 27, l = 3:   0.150000   0.050000   0.200000 (  0.224479)
n = 27, l = 4:   4.710000   1.670000   6.380000 (  6.783431)
n = 27, l = 5: 141.760000  47.150000 188.910000 (202.631554)
